1.485
1.485
1.484
1.483
1.482
1.479
1.478
1.475
1.472
1.468
1.463
1.458
1.453
1.447
1.441
1.435
1.429
1.422
1.414
1.407
1.399
1.391
1.383
1.375
1.366
1.357
1.348
1.339
1.33
1.32
1.311
1.301
1.291
1.281
1.271
1.261
1.251
1.24
1.23
1.219
1.209
1.198
1.187
1.177
1.166
1.155
1.144
1.133
1.122
1.111
1.101
1.09
1.079
1.068
1.057
1.046
1.035
1.024
1.014
1.003
0.992
0.981
0.971
0.96
0.949
0.939
0.928
0.918
0.908
0.897
0.887
0.877
0.866
0.856
0.846
0.836
0.826
0.817
0.807
0.797
0.787
0.778
0.768
0.759
0.749
0.74
0.731
0.722
0.713
0.704
0.695
0.686
0.677
0.668
0.66
0.651
0.643
0.635
0.626
0.618
0.61
0.602
0.594
0.586
0.578
0.571
0.563
0.555
0.548
0.54
0.533
0.526
0.519
0.512
0.505
0.498
0.491
0.484
0.477
0.471
0.464
0.458
0.451
0.445
0.439
0.432
0.426
0.42
0.414
0.408
0.403
0.397
0.391
0.386
0.38
0.375
0.369
0.364
0.359
0.353
0.348
0.343
0.338
0.333
0.328
0.324
0.319
0.314
0.309
0.305
0.3
0.296
0.292
0.287
0.283
0.279
0.275
0.27
0.266
0.262
0.258
0.255
0.251
0.247
0.243
0.239
0.236
0.232
0.229
0.225
0.222
0.218
0.215
0.212
0.209
0.205
0.202
0.199
0.196
0.193
0.19
0.187
0.184
0.181
0.179
0.176
0.173
0.17
0.168
0.165
0.162
0.16
0.157
0.155
0.153
0.15
0.148
0.145
0.143
0.141
0.139
0.136
0.134
0.132
0.13
0.128
0.126
0.124
0.122
0.12
0.118
0.116
0.114
0.113
0.111
0.109
0.107
0.106
0.104
0.102
0.101
0.099
0.097
0.096
0.094
0.093
0.091
0.09
0.088
0.087
0.085
0.084
0.083
0.081
0.08
0.079
0.077
0.076
0.075
0.074
0.072
0.071
0.07
0.069
0.068
0.067
0.066
0.065
0.064
0.062
0.061
0.06
0.059
0.058
0.057
0.057
0.056
0.055
0.054
0.053
0.052
0.051
0.05
0.049
0.049
0.048
0.047
0.046
0.046
0.045
0.044
0.043
0.043
0.042
0.041
0.04
0.04
0.039
0.038
0.038
0.037
0.037
0.036
0.035
0.035
0.034
0.034
0.033
0.032
0.032
0.031
0.031
0.03
0.03
0.029
0.029
0.028
0.028
0.027
0.027
0.026
0.026
0.026
0.025
0.025
0.024
0.024
0.023
0.023
0.023
0.022
0.022
0.022
0.021
0.021
0.02
0.02
0.02
0.019
0.019
0.019
0.018
0.018
0.018
0.018
0.017
0.017
0.017
0.016
0.016
0.016
0.016
0.015
0.015
0.015
0.014
0.014
0.014
0.014
0.014
0.013
0.013
0.013
0.013
0.012
0.012
0.012
0.012
0.012
0.011
0.011
0.011
0.011
0.011
0.01
0.01
0.01
0.01
0.01
0.01
0.009
0.009
0.009
0.009
0.009
0.009
0.008
0.008
0.008
0.008
0.008
0.008
0.008
0.007
0.007
0.007
0.007
0.007
0.007
0.007
0.007
0.006
0.006
0.006
0.006
0.006
0.006
0.006
0.006
0.006
0.006
0.005
0.005
0.005
0.005
0.005
0.005
0.005
0.005
0.005
0.005
0.005
0.004
0.004
0.004
0.004
0.004
0.004
0.004
0.004
0.004
0.004
0.004
0.004
0.004
0.004
0.003
0.003
0.003
0.003
0.003
0.003
0.003
0.003
0.003
0.003
0.003
0.003
0.003
0.003
0.003
0.003
0.003
0.003
0.003
0.002
0.002
0.002
0.002
0.002
0.002
0.002
0.002
0.002
0.002
0.002
0.002
0.002
0.002
0.002
0.002
0.002
0.002
0.002
0.002
0.002
0.002
0.002
0.002
0.002
0.002
0.002
0.002
0.002
0.001
0.001
0.001
0.001
0.001
0.001
0.001
0.001
0.001
0.001
0.001
0.001
0.001
0.001
0.001
0.001
0.001
0.001
0.001
0.001
0.001
0.001
0.001
0.001
0.001
0.001
0.001
0.001
0.001
0.001
0.001
0.001
0.001
0.001
0.001
0.001
0.001
0.001
0.001
0.001
0.001
0.001
0.001
0.001
0.001
0.001
0.001
0.001
0.001
0.001
0.001
0.001
0.001
0.001
0.001
0.001
0.001
0.001
0.001
0.001
0.001
0.0
0.0
0.0
0.0
0.0
0.0
0.0
0.0
0.0
0.004
0.007
0.007
0.007
0.007
0.007
0.007
0.006
0.006
0.006
0.006
0.006
0.006
0.006
0.006
0.005
0.005
0.005
0.005
0.005
0.005
0.005
0.005
0.005
0.005
0.004
0.004
0.004
0.004
0.02
0.053
0.071
0.077
0.077
0.076
0.092
0.16
0.213
0.37
0.493
0.521
0.549
0.555
0.59
0.645
0.9
1.083
1.109
1.096
1.078
1.057
1.036
1.016
0.996
0.977
0.958
0.939
0.921
0.903
0.886
0.868
0.851
0.835
0.819
0.803
0.787
0.772
0.757
0.742
0.727
0.713
0.699
0.686
0.672
0.659
0.646
0.634
0.622
0.609
0.598
0.586
0.575
0.563
0.552
0.542
0.531
0.521
0.511
0.501
0.491
0.481
0.472
0.463
0.454
0.445
0.436
0.428
0.419
0.411
0.403
0.395
0.388
0.38
0.373
0.365
0.358
0.351
0.345
0.338
0.331
0.325
0.318
0.312
0.306
0.3
0.294
0.289
0.283
0.278
0.272
0.267
0.262
0.257
0.252
0.247
0.242
0.237
0.232
0.228
0.224
0.219
0.215
0.211
0.207
0.203
0.199
0.195
0.191
0.187
0.184
0.18
0.177
0.173
0.17
0.166
0.163
0.16
0.157
0.154
0.151
0.148
0.145
0.142
0.139
0.137
0.134
0.131
0.129
0.126
0.124
0.121
0.119
0.117
0.115
0.112
0.11
0.108
0.106
0.104
0.102
0.1
0.098
0.096
0.094
0.092
0.09
0.089
0.087
0.085
0.084
0.082
0.08
0.079
0.077
0.076
0.074
0.073
0.071
0.07
0.069
0.067
0.066
0.065
0.063
0.062
0.061
0.06
0.059
0.058
0.056
0.055
0.054
0.053
0.052
0.051
0.05
0.049
0.048
0.047
0.046
0.045
0.045
0.044
0.043
0.042
0.041
0.04
0.04
0.039
0.038
0.037
0.037
0.036
0.035
0.035
0.034
0.033
0.033
0.032
0.031
0.031
0.03
0.029
0.029
0.028
0.028
0.027
0.027
0.026
0.026
0.025
0.025
0.024
0.024
0.023
0.023
0.022
0.022
0.022
0.021
0.021
0.02
0.02
0.02
0.019
0.019
0.018
0.018
0.018
0.038
0.065
0.085
0.117
0.118
0.116
0.114
0.111
0.109
0.107
0.105
0.103
0.101
0.099
0.097
0.095
0.093
0.092
0.09
0.088
0.092
0.091
0.101
0.099
0.097
0.096
0.094
0.092
0.09
0.088
0.087
0.085
0.083
0.082
0.08
0.079
0.077
0.075
0.074
0.073
0.071
0.07
0.068
0.067
0.066
0.064
0.063
0.062
0.061
0.06
0.058
0.057
0.056
0.055
0.054
0.053
0.052
0.051
0.05
0.049
0.048
0.047
0.046
0.045
0.044
0.044
0.043
0.042
0.041
0.04
0.039
0.039
0.038
0.037
0.036
0.036
0.035
0.034
0.034
0.033
0.032
0.032
0.031
0.031
0.03
0.029
0.029
0.028
0.028
0.027
0.027
0.026
0.026
0.025
0.025
0.024
0.024
0.023
0.023
0.022
0.022
0.021
0.021
0.021
0.02
0.02
0.019
0.019
0.019
0.018
0.018
0.018
0.017
0.017
0.017
0.016
0.016
0.016
0.015
0.015
0.015
0.014
0.014
0.014
0.014
0.013
0.013
0.013
0.013
0.012
0.012
0.012
0.012
0.011
0.011
0.011
0.011
0.011
0.01
0.01
0.01
0.01
0.01
0.009
0.009
0.009
0.009
0.009
0.009
0.008
0.008
0.008
0.008
0.008
0.008
0.007
0.007
0.007
0.007
0.007
0.007
0.007
0.006
0.006
0.009
0.009
0.009
0.009
0.009
0.008
0.008
0.008
0.008
0.008
0.008
0.007
0.01
0.01
0.01
0.01
0.013
0.012
0.015
0.018
0.021
0.033
0.042
0.054
0.072
0.074
0.085
0.143
0.156
0.153
0.15
0.147
0.144
0.142
0.139
0.136
0.134
0.131
0.128
0.126
0.123
0.121
0.119
0.116
0.114
0.112
0.11
0.108
0.105
0.103
0.101
0.099
0.097
0.096
0.094
0.092
0.103
0.179
0.241
0.237
0.232
0.228
0.223
0.219
0.214
0.21
0.206
0.202
0.198
0.194
0.191
0.187
0.183
0.18
0.176
0.19
0.187
0.186
0.19
0.239
0.263
0.273
0.267
0.266
0.261
0.255
0.251
0.246
0.241
0.236
0.232
0.227
0.23
0.292
0.29
0.299
0.293
0.287
0.285
0.28
0.274
0.269
0.264
0.259
0.254
0.249
0.247
0.243
0.238
0.233
0.236
0.247
0.345
0.51
0.615
0.824
0.921
0.967
0.976
1.071
1.232
1.243
1.219
1.246
1.257
1.233
1.24
1.22
1.197
1.173
1.151
1.128
1.106
1.085
1.064
1.043
1.023
1.003
0.983
0.964
0.945
0.927
0.909
0.891
0.874
0.857
0.84
0.824
0.808
0.792
0.776
0.761
0.746
0.732
0.718
0.704
0.69
0.677
0.663
0.65
0.638
0.625
0.613
0.601
0.59
0.578
0.567
0.556
0.545
0.534
0.524
0.514
0.504
0.494
0.484
0.475
0.466
0.457
0.448
0.439
0.43
0.422
0.414
0.406
0.398
0.39
0.382
0.375
0.368
0.361
0.354
0.347
0.34
0.333
0.327
0.32
0.314
0.308
0.302
0.296
0.29
0.285
0.279
0.274
0.268
0.263
0.258
0.253
0.248
0.243
0.239
0.234
0.229
0.225
0.221
0.216
0.212
0.208
0.204
0.2
0.196
0.192
0.188
0.185
0.181
0.178
0.174
0.171
0.167
0.164
0.161
0.158
0.155
0.152
0.149
0.146
0.143
0.14
0.138
0.135
0.132
0.13
0.127
0.125
0.122
0.12
0.118
0.115
0.113
0.111
0.109
0.107
0.104
0.102
0.1
0.098
0.097
0.095
0.093
0.091
0.089
0.088
0.086
0.084
0.082
0.081
0.079
0.078
0.076
0.075
0.073
0.072
0.07
0.069
0.068
0.066
0.065
0.064
0.063
0.061
0.06
0.059
0.058
0.057
0.056
0.055
0.054
0.052
0.051
0.05
0.049
0.049
0.048
0.047
0.046
0.045
0.044
0.043
0.042
0.041
0.041
0.04
0.039
0.038
0.038
0.037
0.036
0.035
0.035
0.034
0.033
0.033
0.032
0.031
0.031
0.03
0.03
0.029
0.029
0.028
0.033
0.032
0.031
0.031
0.03
0.029
0.029
0.028
0.028
0.027
0.027
0.026
0.026
0.025
0.025
0.024
0.024
0.023
0.023
0.022
0.022
0.022
0.021
0.021
0.02
0.02
0.02
0.019
0.019
0.018
0.018
0.018
0.017
0.017
0.017
0.016
0.016
0.016
0.015
0.015
0.015
0.015
0.014
0.014
0.014
0.013
0.013
0.013
0.013
0.012
0.012
0.012
0.012
0.011
0.011
0.011
0.011
0.011
0.01
0.01
0.01
0.01
0.01
0.009
0.009
0.009
0.009
0.009
0.009
0.008
0.008
0.008
0.008
0.008
0.008
0.007
0.007
0.007
0.007
0.007
0.007
0.007
0.006
0.006
0.006
0.006
0.006
0.006
0.006
0.006
0.006
0.005
0.005
0.005
0.005
0.005
0.005
0.005
0.005
0.005
0.005
0.004
0.004
0.004
0.004
0.004
0.004
0.004
0.004
0.004
0.004
0.004
0.004
0.004
0.003
0.003
0.003
0.003
0.003
0.003
0.003
0.003
0.003
0.003
0.003
0.003
0.003
0.003
0.003
0.003
0.003
0.002
0.002
0.002
0.002
0.002
0.002
0.002
0.002
0.002
0.002
0.002
0.002
0.002
0.002
0.002
0.002
0.002
0.002
0.002
0.002
0.002
0.002
0.002
0.002
0.002
0.002
0.001
0.001
0.001
0.001
0.001
0.001
0.001
0.001
0.001
0.001
0.001
0.001
0.001
0.001
0.001
0.001
0.001
0.001
0.001
0.001
0.001
0.001
0.001
0.001
0.001
0.001
0.001
0.001
0.006
0.006
0.011
0.011
0.01
0.01
0.01
0.01
0.01
0.01
0.009
0.009
0.009
0.009
0.009
0.008
0.008
0.008
0.008
0.008
0.008
0.008
0.007
0.007
0.14
0.23
0.231
0.226
0.227
0.223
0.219
0.214
0.21
0.212
0.229
0.247
0.248
0.254
0.294
0.311
0.304
0.299
0.293
0.293
0.287
0.281
0.276
0.27
0.271
0.265
0.26
0.261
0.256
0.251
0.246
0.241
0.236
0.232
0.227
0.223
0.219
0.214
0.21
0.206
0.202
0.198
0.194
0.19
0.187
0.183
0.179
0.176
0.173
0.169
0.166
0.163
0.16
0.156
0.153
0.15
0.147
0.145
0.142
0.139
0.136
0.134
0.131
0.128
0.126
0.124
0.121
0.119
0.116
0.114
0.112
0.11
0.108
0.106
0.103
0.101
0.099
0.098
0.096
0.094
0.092
0.09
0.088
0.087
0.085
0.083
0.082
0.08
0.079
0.077
0.076
0.074
0.073
0.071
0.07
0.068
0.067
0.066
0.065
0.063
0.062
0.061
0.06
0.059
0.057
0.056
0.055
0.054
0.053
0.052
0.051
0.05
0.049
0.048
0.047
0.046
0.045
0.044
0.044
0.043
0.042
0.041
0.046
0.045
0.044
0.043
0.042
0.042
0.041
0.04
0.039
0.038
0.038
0.037
0.036
0.036
0.035
0.04
0.039
0.038
0.037
0.037
0.163
0.16
0.157
0.154
0.151
0.148
0.145
0.142
0.139
0.137
0.134
0.131
0.129
0.126
0.124
0.121
0.119
0.117
0.114
0.112
0.11
0.108
0.106
0.104
0.102
0.1
0.098
0.096
0.094
0.092
0.09
0.089
0.087
0.085
0.084
0.082
0.08
0.079
0.077
0.076
0.074
0.073
0.071
0.07
0.069
0.073
0.077
0.076
0.074
0.073
0.072
0.07
0.069
0.067
0.066
0.065
0.064
0.062
0.061
0.06
0.059
0.058
0.062
0.061
0.06
0.059
0.058
0.056
0.055
0.054
0.053
0.052
0.051
0.05
0.049
0.048
0.047
0.046
0.045
0.05
0.061
0.071
0.088
0.086
0.096
0.1
0.098
0.096
0.094
0.122
0.12
0.117
0.205
0.494
0.541
0.564
0.559
0.548
0.538
0.548
0.537
0.527
0.516
0.506
0.496
0.487
0.477
0.468
0.459
0.45
0.441
0.433
0.424
0.416
0.408
0.4
0.392
0.384
0.377
0.37
0.362
0.355
0.348
0.342
0.335
0.328
0.322
0.316
0.31
0.304
0.298
0.292
0.286
0.281
0.275
0.27
0.265
0.259
0.254
0.249
0.245
0.24
0.235
0.231
0.226
0.222
0.217
0.213
0.209
0.205
0.201
0.197
0.193
0.189
0.186
0.182
0.179
0.175
0.172
0.168
0.165
0.162
0.159
0.156
0.153
0.15
0.147
0.144
0.141
0.138
0.136
0.133
0.13
0.128
0.125
0.123
0.12
0.118
0.116
0.114
0.111
0.109
0.107
0.105
0.103
0.101
0.099
0.097
0.095
0.093
0.091
0.09
0.088
0.086
0.085
0.083
0.081
0.087
0.165
0.191
0.452
0.545
0.681
0.668
0.655
0.663
0.65
0.637
0.625
0.612
0.601
0.589
0.577
0.566
0.555
0.555
0.544
0.533
0.523
0.513
0.503
0.493
0.514
0.504
0.547
0.805
0.848
0.892
0.887
0.869
0.914
0.959
0.94
0.922
0.904
0.886
0.869
0.852
0.835
0.819
0.803
0.788
0.772
0.757
0.742
0.728
0.727
0.713
0.699
0.686
0.672
0.659
0.646
0.634
0.621
0.609
0.597
0.586
0.574
0.563
0.552
0.541
0.531
0.521
0.51
0.501
0.491
0.481
0.472
0.463
0.469
0.46
0.451
0.442
0.433
0.425
0.416
0.408
0.4
0.393
0.385
0.377
0.37
0.363
0.356
0.349
0.342
0.335
0.329
0.323
0.316
0.31
0.304
0.298
0.292
0.287
0.281
0.276
0.27
0.265
0.26
0.255
0.25
0.245
0.24
0.235
0.231
0.226
0.222
0.218
0.213
0.209
0.205
0.201
0.197
0.193
0.19
0.186
0.182
0.179
0.175
0.172
0.169
0.165
0.162
0.159
0.156
0.153
0.15
0.147
0.144
0.141
0.138
0.136
0.133
0.131
0.128
0.125
0.123
0.121
0.118
0.116
0.114
0.112
0.109
0.107
0.105
0.103
0.101
0.099
0.097
0.095
0.093
0.092
0.09
0.088
0.086
0.085
0.083
0.081
0.08
0.078
0.077
0.075
0.074
0.072
0.071
0.07
0.068
0.067
0.066
0.064
0.063
0.062
0.061
0.059
0.058
0.057
0.056
0.055
0.054
0.053
0.052
0.051
0.05
0.049
0.048
0.047
0.046
0.064
0.063
0.062
0.06
0.059
0.058
0.057
0.056
0.055
0.054
0.053
0.052
0.051
0.05
0.049
0.048
0.047
0.046
0.045
0.044
0.043
0.042
0.042
0.041
0.04
0.039
0.038
0.038
0.037
0.036
0.036
0.035
0.034
0.033
0.033
0.032
0.032
0.031
0.03
0.03
0.029
0.067
0.124
0.122
0.119
0.117
0.115
0.112
0.11
0.108
0.106
0.104
0.102
0.1
0.098
0.096
0.094
0.092
0.091
0.089
0.087
0.085
0.084
0.082
0.081
0.079
0.077
0.076
0.074
0.073
0.072
0.07
0.069
0.067
0.066
0.065
0.064
0.062
0.061
0.06
0.059
0.058
0.057
0.055
0.054
0.053
0.052
0.051
0.05
0.049
0.048
0.047
0.063
0.101
0.125
0.149
0.185
0.235
0.257
0.279
0.328
0.349
0.384
0.404
0.424
0.444
0.464
0.469
0.474
0.465
0.456
0.447
0.452
0.444
0.435
0.427
0.433
0.424
0.43
0.422
0.428
0.42
0.426
0.418
0.41
0.402
0.394
0.386
0.379
0.371
0.364
0.357
0.365
0.373
0.395
0.401
0.394
0.401
0.408
0.4
0.392
0.384
0.377
0.369
0.362
0.355
0.363
0.356
0.349
0.343
0.336
0.329
0.323
0.317
0.311
0.305
0.299
0.293
0.303
0.297
0.291
0.286
0.28
0.275
0.269
0.264
0.259
0.254
0.249
0.244
0.239
0.235
0.23
0.226
0.221
0.217
0.213
0.208
0.204
0.2
0.197
0.193
0.189
0.185
0.201
0.198
0.194
0.19
0.186
0.183
0.179
0.176
0.172
0.169
0.165
0.162
0.159
0.156
0.153
0.15
0.147
0.176
0.341
0.557
0.778
1.664
1.825
1.948
1.91
1.892
1.875
1.899
1.902
1.966
1.948
1.91
1.873
1.837
1.822
1.786
1.751
1.717
1.684
1.651
1.619
1.587
1.556
1.526
1.496
1.467
1.439
1.411
1.383
1.356
1.33
1.304
1.279
1.254
1.275
1.586
2.968
3.631
3.74
3.718
3.671
3.625
3.555
3.511
3.679
3.686
3.667
3.649
3.631
3.695
3.649
3.578
3.536
3.493
3.452
3.385
3.539
3.524
3.483
3.415
3.349
3.284
3.248
3.578
4.865
5.171
5.573
5.528
5.548
5.665
6.113
6.429
6.815
6.89
6.86
6.971
6.976
6.875
6.847
6.713
6.582
6.454
6.329
6.205
6.085
5.966
5.85
5.736
5.624
5.515
5.407
5.302
5.199
5.098
4.998
4.933
4.837
4.743
4.651
4.56
4.471
4.384
4.299
4.215
4.133
4.053
3.974
3.896
3.82
3.746
3.673
3.602
3.531
3.463
3.395
3.329
3.264
3.201
3.138
3.077
3.017
2.959
2.901
2.844
2.789
2.735
2.681
2.629
2.578
2.528
2.479
2.43
2.383
2.337
2.291
2.247
2.203
2.16
2.118
2.077
2.036
1.996
1.958
1.919
1.882
1.845
1.809
1.774
1.74
1.706
1.673
1.64
1.608
1.577
1.546
1.516
1.486
1.457
1.429
1.401
1.374
1.347
1.321
1.295
1.27
1.245
1.221
1.197
1.174
1.151
1.129
1.107
1.085
1.064
1.043
1.023
1.003
0.984
0.964
0.946
0.927
0.909
0.891
0.874
0.857
0.84
0.824
0.808
0.792
0.849
0.833
1.235
1.563
1.549
1.535
1.588
1.591
1.594
1.563
1.532
1.502
1.473
1.444
1.416
1.389
1.362
1.335
1.309
1.284
1.259
1.234
1.21
1.186
1.163
1.141
1.118
1.097
1.075
1.054
1.034
1.014
0.994
0.975
0.956
0.937
0.919
0.901
0.883
0.866
0.849
0.833
0.817
0.801
0.785
0.77
0.755
0.74
0.726
0.712
0.698
0.684
0.671
0.658
0.645
0.632
0.62
0.608
0.596
0.584
0.573
0.562
0.551
0.54
0.53
0.519
0.509
0.499
0.49
0.48
0.471
0.462
0.453
0.444
0.435
0.427
0.418
0.41
0.402
0.394
0.387
0.379
0.372
0.365
0.357
0.351
0.344
0.337
0.33
0.324
0.318
0.312
0.305
0.299
0.294
0.288
0.282
0.277
0.271
0.266
0.261
0.256
0.251
0.246
0.241
0.237
0.232
0.227
0.223
0.219
0.214
0.21
0.206
0.202
0.198
0.194
0.191
0.187
0.183
0.18
0.176
0.173
0.169
0.166
0.163
0.16
0.157
0.153
0.15
0.148
0.145
0.142
0.139
0.136
0.134
0.131
0.129
0.126
0.124
0.121
0.119
0.117
0.114
0.112
0.11
0.108
0.106
0.104
0.102
0.1
0.098
0.096
0.094
0.092
0.09
0.088
0.087
0.085
0.083
0.082
0.08
0.079
0.077
0.076
0.074
0.073
0.071
0.07
0.069
0.067
0.066
0.065
0.063
0.062
0.061
0.06
0.059
0.057
0.056
0.055
0.054
0.053
0.052
0.051
0.05
0.049
0.048
0.047
0.046
0.045
0.044
0.044
0.043
0.042
0.041
0.04
0.04
0.039
0.038
0.037
0.037
0.036
0.035
0.034
0.034
0.033
0.032
0.032
0.031
0.031
0.03
0.029
0.029
0.028
0.028
0.027
0.027
0.026
0.026
0.025
0.025
0.024
0.024
0.023
0.023
0.022
0.022
0.021
0.021
0.021
0.02
0.02
0.019
0.019
0.019
0.018
0.018
0.018
0.017
0.017
0.017
0.016
0.016
0.016
0.015
0.015
0.015
0.014
0.014
0.014
0.014
0.013
0.12
0.151
0.164
0.16
0.157
0.154
0.151
0.187
0.221
0.267
0.287
0.346
0.365
0.358
0.351
0.344
0.946
2.135
2.47
2.558
2.667
2.654
2.603
2.572
2.522
2.473
2.425
2.377
2.331
2.286
2.241
2.197
2.155
2.113
2.094
2.053
2.033
2.013
2.014
1.975
1.936
1.899
1.862
1.825
1.79
1.755
1.721
1.687
1.654
1.645
1.612
1.581
1.55
1.52
1.49
1.461
1.433
1.426
1.399
1.371
1.345
1.359
1.333
1.307
1.282
1.257
1.232
1.208
1.185
1.162
1.139
1.117
1.095
1.074
1.053
1.032
1.012
0.992
0.973
0.954
0.936
0.917
0.9
0.882
0.865
0.848
0.831
0.815
0.799
0.784
0.769
0.754
0.739
0.813
0.797
0.781
0.766
0.751
0.737
0.722
0.708
0.694
0.681
0.668
0.655
0.642
0.629
0.617
0.605
0.593
0.582
0.57
0.559
0.548
0.538
0.527
0.517
0.507
0.497
0.487
0.478
0.469
0.459
0.451
0.442
0.433
0.425
0.416
0.408
0.4
0.393
0.385
0.377
0.37
0.363
0.356
0.349
0.342
0.335
0.329
0.322
0.316
0.31
0.304
0.298
0.292
0.287
0.281
0.276
0.27
0.265
0.26
0.255
0.25
0.245
0.24
0.235
0.231
0.226
0.222
0.218
0.213
0.209
0.205
0.201
0.197
0.193
0.19
0.186
0.182
0.179
0.175
0.172
0.169
0.165
0.162
0.159
0.156
0.153
0.15
0.147
0.144
0.141
0.138
0.136
0.133
0.131
0.128
0.125
0.123
0.121
0.118
0.116
0.114
0.112
0.109
0.107
0.105
0.103
0.101
0.099
0.097
0.095
0.093
0.092
0.09
0.088
0.086
0.085
0.083
0.081
0.08
0.078
0.077
0.075
0.074
0.072
0.071
0.07
0.068
0.067
0.066
0.064
0.063
0.062
0.061
0.059
0.058
0.057
0.056
0.055
0.054
0.053
0.052
0.051
0.05
0.049
0.048
0.047
0.046
0.045
0.044
0.043
0.043
0.042
0.041
0.04
0.039
0.039
0.038
0.037
0.036
0.036
0.035
0.034
0.034
0.033
0.032
0.032
0.031
0.03
0.03
0.029
0.029
0.028
0.028
0.027
0.027
0.026
0.026
0.025
0.025
0.024
0.024
0.023
0.023
0.022
0.022
0.021
0.021
0.021
0.02
0.02
0.019
0.019
0.019
0.018
0.018
0.018
0.017
0.017
0.017
0.016
0.016
0.016
0.015
0.015
0.015
0.014
0.014
0.014
0.014
0.013
0.013
0.013
0.013
0.012
0.012
0.012
0.012
0.011
0.011
0.011
0.011
0.011
0.01
0.01
0.01
0.01
0.01
0.009
0.009
0.009
0.009
0.009
0.008
0.008
0.008
0.008
0.008
0.008
0.008
0.007
0.007
0.007
0.007
0.007
0.007
0.007
0.006
0.006
0.006
0.006
0.006
0.006
0.006
0.006
0.006
0.005
0.005
0.005
0.005
0.005
0.005
0.005
0.005
0.005
0.005
0.004
0.004
0.004
0.004
0.004
0.004
0.004
0.004
0.004
0.004
0.004
0.004
0.004
0.003
0.003
0.003
0.003
0.003
0.003
0.003
0.003
0.003
0.003
0.003
0.003
0.003
0.003
0.003
0.003
0.003
0.002
0.002
0.002
0.002
0.002
0.002
0.002
0.022
0.021
0.021
0.021
0.02
0.02
0.019
0.019
0.019
0.018
0.018
0.018
0.017
0.017
0.017
0.016
0.016
0.016
0.015
0.015
0.015
0.014
0.014
0.014
0.014
0.013
0.013
0.013
0.013
0.012
0.012
0.012
0.012
0.011
0.011
0.011
0.011
0.011
0.01
0.01
0.01
0.01
0.01
0.009
0.009
1.084
1.092
1.071
1.05
1.03
1.009
0.99
0.971
0.952
0.933
0.915
0.897
0.88
0.863
0.846
0.829
0.813
0.797
0.782
0.767
0.752
0.737
0.723
0.709
0.713
1.02
1.111
1.138
2.113
2.758
2.704
2.652
2.6
2.549
3.852
6.105
6.458
6.558
6.431
6.305
6.183
6.062
5.944
5.828
5.715
5.604
5.495
5.388
5.283
5.18
5.079
4.98
4.883
4.788
4.695
4.603
4.514
4.426
4.339
4.255
4.172
4.091
4.011
3.933
4.923
5.469
5.737
5.911
6.576
6.547
6.452
6.393
6.268
6.146
6.026
5.909
5.794
5.681
5.57
5.462
5.356
5.251
5.149
5.049
4.95
4.854
4.76
4.667
4.576
4.487
4.399
4.314
4.23
4.147
4.067
3.987
3.91
3.834
3.759
3.686
3.614
3.544
3.475
3.407
3.341
3.276
3.212
3.175
3.113
3.052
2.993
2.935
2.877
2.821
2.767
2.713
2.66
2.608
2.557
2.507
2.459
2.411
2.364
2.318
2.273
2.228
2.185
2.142
2.101
2.06
2.02
1.98
1.942
1.904
1.867
1.831
1.795
1.76
1.726
1.692
1.659
1.627
1.595
1.564
1.534
1.504
1.474
1.446
1.418
1.458
1.572
1.541
1.511
1.482
1.453
1.425
1.397
1.37
1.343
1.317
1.291
1.266
1.241
1.217
1.194
1.17
1.148
1.125
1.103
1.082
1.127
1.12
1.099
1.602
1.57
1.682
1.649
1.617
1.586
1.555
1.543
1.513
2.044
2.043
2.022
2.022
2.021
1.982
2.367
4.488
4.961
5.179
5.81
6.347
6.338
6.215
6.094
6.034
5.916
5.801
5.688
5.577
5.499
5.421
5.373
5.326
5.223
5.121
5.021
4.923
4.828
4.734
4.641
4.551
4.462
4.376
4.383
4.298
4.214
4.67
5.006
5.094
4.995
4.897
4.959
4.893
4.798
4.704
4.613
4.523
4.435
4.348
4.264
4.181
4.099
4.019
3.941
3.864
3.789
3.715
3.643
3.605
3.668
3.731
3.68
3.608
3.538
3.492
3.446
3.47
3.425
3.38
3.57
3.5
3.765
4.308
4.249
4.344
4.31
4.226
4.144
4.063
3.984
4.377
4.345
4.393
6.028
7.931
10.672
13.003
13.83
15.866
16.296
16.598
16.587
16.85
16.841
16.65
16.325
16.008
15.696
15.727
15.421
15.167
14.955
15.084
15.044
14.751
14.464
14.182
13.906
13.635
13.37
13.11
12.854
12.604
12.358
12.118
11.968
11.997
11.861
11.663
11.568
11.409
11.388
11.368
11.317
11.13
10.913
10.735
10.56
10.354
10.153
9.955
9.798
9.71
9.624
9.471
9.286
9.105
8.928
8.754
8.584
8.417
8.253
8.092
7.934
7.78
7.628
7.48
7.334
7.191
7.051
6.914
6.779
6.647
6.518
6.391
6.266
6.144
6.025
5.907
5.792
5.68
5.569
5.461
5.354
5.25
5.148
5.047
4.949
4.853
4.758
4.666
4.575
4.486
4.398
4.313
4.229
4.146
4.414
4.427
4.406
4.321
4.236
4.154
4.073
3.994
3.916
3.84
3.765
3.692
3.62
3.549
3.517
3.788
3.715
3.642
3.571
3.502
3.434
3.367
3.356
6.994
7.678
7.528
7.382
7.238
7.333
7.191
7.051
6.913
6.779
6.647
6.589
6.461
6.335
6.211
6.09
5.972
5.856
5.742
5.63
5.52
5.413
5.307
5.204
5.589
5.825
6.026
5.943
6.432
6.414
6.289
6.167
6.047
5.929
5.814
5.7
5.589
5.481
5.374
5.269
5.167
5.066
4.967
4.871
4.776
4.683
4.591
4.502
4.494
4.718
4.712
6.65
6.647
6.518
6.391
6.266
6.144
6.025
5.907
5.792
5.68
5.609
5.5
5.393
5.288
5.185
5.084
4.985
4.888
4.792
4.699
4.608
4.518
4.43
4.344
4.259
4.176
4.095
4.015
3.937
3.86
3.785
3.711
3.667
3.595
3.542
3.473
3.406
3.356
3.536
3.575
3.542
3.657
4.067
4.434
4.773
5.169
5.137
5.036
4.938
4.865
4.77
4.677
4.586
4.497
4.409
4.324
4.239
4.157
4.076
3.997
3.919
3.842
3.768
3.694
3.622
3.552
3.483
3.415
3.348
3.313
3.361
3.703
3.852
3.798
3.744
3.671
3.599
3.529
3.46
3.393
3.327
3.262
3.199
3.158
3.097
3.036
2.977
2.919
2.862
2.807
2.752
2.698
2.646
2.594
2.544
2.494
2.446
2.398
2.351
2.306
2.261
2.217
2.173
2.131
2.09
2.049
2.009
1.97
1.932
1.894
1.857
1.821
1.785
1.751
1.717
1.683
1.676
1.644
1.612
1.58
1.693
1.66
1.628
1.596
1.565
1.535
1.505
1.476
1.447
1.419
1.391
1.364
1.337
1.311
1.286
1.261
1.236
1.393
1.366
1.339
1.313
1.288
1.263
1.238
1.214
1.19
1.167
1.144
1.122
1.1
1.079
1.058
1.037
1.017
0.997
0.978
0.959
0.94
0.922
0.904
0.886
0.894
0.877
0.86
0.843
0.826
0.81
0.795
0.779
0.764
0.749
0.734
0.72
0.706
0.692
0.679
0.666
0.653
0.64
0.628
0.615
0.603
0.592
0.58
0.569
0.558
0.547
0.536
0.526
0.516
0.505
0.496
0.486
0.477
0.467
0.458
1.685
1.652
1.659
1.646
1.614
1.582
1.792
2.236
2.321
2.318
2.968
3.747
3.748
3.675
3.628
3.632
4.044
3.991
3.991
3.965
3.913
3.837
3.762
3.689
3.644
3.573
3.504
3.435
3.368
3.303
3.238
3.175
3.114
4.567
7.347
9.478
11.922
12.281
12.442
14.698
16.034
16.351
16.259
16.124
15.947
15.773
15.557
15.3
15.232
16.251
16.413
16.624
16.397
16.368
16.389
16.263
16.043
16.361
17.746
19.298
20.722
21.097
20.977
21.687
23.601
25.428
28.486
29.05
28.873
28.358
27.854
27.359
26.826
26.351
25.838
25.334
24.841
24.402
23.963
23.532
23.221
22.769
22.326
21.891
21.542
21.308
21.005
20.596
20.195
19.801
19.461
19.082
18.71
18.385
18.027
17.676
17.332
16.994
19.514
19.294
18.918
18.55
18.189
17.834
17.487
17.147
16.813
16.485
16.164
15.849
15.541
15.238
14.941
16.832
17.927
17.578
17.236
16.9
16.571
16.248
15.932
15.622
15.317
15.019
14.727
14.44
14.159
13.883
13.613
13.347
13.088
12.833
12.583
12.338
12.097
11.862
11.631
11.404
11.182
10.965
10.751
10.542
10.336
10.135
9.938
9.744
9.554
9.368
9.186
9.007
8.832
8.66
8.491
8.326
8.164
8.005
7.849
7.696
7.546
7.399
7.255
7.114
6.975
6.839
6.706
6.575
6.447
6.322
6.199
6.078
5.96
5.844
5.73
5.618
5.598
5.489
5.455
5.423
5.45
5.497
5.546
5.946
6.279
6.927
6.838
7.014
7.169
7.303
7.287
7.374
7.334
7.191
7.077
7.254
7.192
7.185
7.316
7.532
7.896
8.326
8.342
8.299
8.319
8.187
8.149
8.36
8.197
8.194
8.223
8.253
8.124
7.997
7.841
7.849
7.697
7.547
7.4
7.256
7.15
7.27
8.298
9.434
13.476
13.666
13.773
13.756
13.996
14.195
13.918
13.823
13.945
13.716
13.449
13.41
13.149
12.892
12.641
12.395
12.154
11.917
11.685
11.458
11.234
11.016
10.801
10.591
10.384
10.182
9.984
9.79
9.599
9.412
9.229
9.049
8.873
8.7
8.531
8.364
8.202
8.042
7.885
7.758
7.607
7.459
7.314
7.171
7.032
6.895
6.76
6.629
6.5
6.373
6.249
6.127
6.008
5.891
5.776
5.664
5.553
5.445
5.362
5.258
5.155
5.055
4.956
4.86
4.765
4.672
4.581
4.492
4.405
4.319
4.235
4.152
4.071
3.992
3.914
3.838
3.763
3.69
3.618
3.548
3.529
3.461
3.393
3.327
3.262
3.199
3.137
3.076
3.016
2.957
2.899
2.843
2.787
2.733
2.68
2.628
2.577
2.526
2.477
2.429
2.382
2.335
2.29
2.245
2.202
2.159
2.117
2.075
2.035
1.995
1.956
1.918
1.881
1.844
1.808
1.773
1.739
1.705
1.672
1.639
1.607
1.576
1.545
1.515
1.486
1.457
1.428
1.4
1.373
1.346
1.32
1.295
1.269
1.245
1.22
1.197
1.173
1.15
1.128
1.106
1.085
1.063
1.043
1.022
1.003
0.983
0.964
0.945
0.927
0.909
0.891
0.874
0.857
0.84
0.824
0.807
0.792
0.776
0.761
0.746
0.732
0.718
0.704
0.69
0.676
0.663
0.65
0.638
0.625
0.613
0.649
0.636
0.624
0.611
0.599
0.588
0.576
0.565
0.554
0.543
0.533
0.522
0.512
0.502
0.492
0.483
0.473
0.464
0.455
0.446
0.438
0.429
0.421
0.413
0.405
0.397
0.389
0.381
0.374
0.367
0.359
0.352
0.346
0.339
0.332
0.326
0.319
0.313
0.307
0.301
0.295
0.29
0.284
0.278
0.273
0.268
0.262
0.257
0.252
0.247
0.243
0.238
0.233
0.229
0.224
0.22
0.216
0.211
0.207
0.203
0.199
0.195
0.192
0.188
0.184
0.181
0.177
0.174
0.17
0.167
0.164
0.161
0.157
0.154
0.151
0.148
0.145
0.143
0.14
0.137
0.134
0.132
0.129
0.127
0.124
0.122
0.12
0.117
0.115
0.113
0.11
0.108
0.106
0.198
0.224
0.219
0.215
0.211
0.207
0.203
0.199
0.209
0.232
0.255
0.25
0.245
0.241
0.236
0.231
0.227
0.222
0.218
0.214
0.21
0.206
0.202
0.198
0.194
0.19
0.186
0.183
0.179
0.176
0.172
0.169
0.166
0.162
0.159
0.156
0.153
0.15
0.147
0.144
0.141
0.139
0.136
0.133
0.131
0.128
0.126
0.123
0.121
0.119
0.116
0.114
0.112
0.11
0.107
0.105
0.103
0.101
0.099
0.097
0.095
0.094
0.092
0.09
0.088
0.087
0.085
0.083
0.082
0.08
0.078
0.077
0.075
0.074
0.073
0.071
0.07
0.068
0.067
0.066
0.064
0.063
0.062
0.428
0.42
0.412
0.404
0.396
0.388
0.381
0.373
0.366
0.359
0.352
0.345
0.338
0.332
0.325
0.319
0.313
0.307
0.301
0.295
0.289
0.284
0.355
0.348
0.341
0.335
0.328
0.322
0.316
0.309
0.303
0.297
0.292
0.286
0.28
0.275
0.27
0.264
0.259
0.254
0.249
0.244
0.24
0.267
0.277
0.287
0.469
1.01
1.06
1.057
1.036
1.016
0.997
0.977
0.958
0.939
0.921
0.903
0.886
0.904
0.887
0.977
1.066
1.082
1.097
1.112
1.091
1.489
2.56
2.51
2.461
2.413
2.366
2.32
2.275
2.254
2.21
2.167
2.124
2.083
2.043
2.003
1.964
1.926
1.888
1.851
1.905
2.001
2.166
2.238
2.31
2.739
2.71
2.681
2.849
2.867
2.811
2.757
2.703
2.65
2.674
2.622
2.571
2.521
2.472
2.524
2.475
2.427
2.38
2.359
2.388
2.342
2.296
2.251
2.208
2.216
2.173
2.156
2.19
2.147
2.285
2.241
2.223
2.18
2.137
2.095
2.055
2.015
1.975
1.937
1.899
1.862
1.826
1.79
1.756
1.721
1.688
1.655
1.623
1.591
1.56
1.53
1.5
1.471
1.442
1.414
1.387
1.433
1.405
1.378
1.351
1.325
1.299
1.274
1.249
1.224
1.201
1.177
1.184
1.186
1.163
1.14
1.118
1.096
1.075
1.054
1.033
1.013
0.993
0.974
0.955
0.936
0.918
0.9
0.883
0.866
0.849
0.832
0.816
0.8
0.785
0.769
0.754
0.74
0.725
0.711
0.697
0.684
0.67
0.657
0.644
0.632
0.62
0.608
0.596
0.584
0.573
0.562
0.551
0.54
0.529
0.519
0.509
0.499
0.489
0.48
0.47
0.461
0.452
0.444
0.435
0.426
0.418
0.41
0.402
0.394
